list = [223943,
90451,
228142,
88981,
120454,
88687,
147754,
89569,
157702,
87070,
170572,
89569,
133906,
90451,
143215,
89863,
155536,
06621,
466694,
71448,
204176,
39549,
358697,
08826,
079097,
39255,
267587,
06180,
273374,
06875,
199496,
92362,
132172,
06327,
545072,
57550,
159431,
12715,
117004,
049278,
121156,
06621,
125473,
44320,
037541,
92910,
055889,
131598,
195883,
153501,
872053,
002826,
189456,
127482,
196213,
19771,
215594,
15548,
119389,
93124,
174221,
43291,
134419,
93979,
136894,
74161,
146626,
66303,
412010,
08639,
071822,
056187,
372210,
62107,
220184,
28631,
062816,
97507,
135142,
93792,
089726,
29994,
095948,
27161,
075230,
39990,
127094,
11873,
103589,
18969,
080450,
21722,
071048,
77729,
276752,
27896,
323273,
40137,
076889,
34845,
571820,
34845,
394370,
20586,
349811,
22203,
475712,
22310,
137995,
030315,
197923,
185253,
862930,
000474,
178990,
127923,
272941,
14332,
173425,
323580,
861955,
181725,
827188,
97948,
142096,
223473,
937564,
030168,
184822,
94741,
187028,
95302,
137845,
88540,
083083,
81150,
262358,
58806,
173891,
13931,
096428,
00808,
567260,
60423,
113506,
25651,
183382,
74682,
155557,
21321,
129676,
64539,
604121,
99859,
123871,
94420,
133645,
90892,
124447,
89128,
223942,
90451,
228142,
88981,
120454,
88687,
147754,
89569,
157702,
87070,
170572,
89569,
133906,
90451,
143215,
89863,
155536,
06621,
466694,
71448,
204176,
39549,
358697,
08826,
079097,
39255,
267587,
06180,
273374,
06875,
199496,
92362,
132172,
06327,
545072,
57550,
159431,
12715,
117004,
049278,
121156,
06621,
125473,
44320,
037541,
92910,
055889,
131598,
195883,
153501,
872053,
002826,
189456,
127482,
196213,
19771,
215594,
15548,
119389,
93124,
174221,
43291,
134419,
93979,
136894,
74161,
146626,
66303,
412010,
08639,
071822,
056187,
372210,
62107,
220184,
28631,
062816,
97507,
135142,
93792,
089726,
29994,
095948,
27161,
075230,
39990,
127094,
11873,
103589,
18969,
080450,
21722,
071048,
77729,
276752,
27896,
323273,
40137,
076889,
34845,
571820,
34845,
394370,
20586,
349811,
22203,
475712,
22310,
137995,
030315,
197923,
185253,
862930,
000474,
178990,
127923,
272941,
14332,
173425,
323580,
861955,
181725,
827188,
97948,
142096,
223473,
937564,
030168,
184822,
94741,
187028,
95302,
137845,
88540,
083083,
81150,
262358,
58806,
173891,
13931,
096428,
00808,
567260,
60423,
113506,
25651,
183382,
74682,
155557,
21321,
129676,
64539,
604121,
99859,
123871,
94420,
133645,
90892,
124447]
